# From BV GMPIr HDR (2012), identical to HEBD - flipped the table to so cable would be at 180deg
radius_cm:
0	0.2	0.4	0.6	0.8	1	1.25	1.5	1.75	2	2.5	3	3.5	4	5	6	8	10
theta_deg:
0
1
2
3
4
5
6
7
8
9
10
15
20
30
40
50
60
70
80
90
100
110
120
130
140
150
160
165
170
171
172
173
174
175
176
177
178
179
180
table: 
0.695	0.695	0.666	0.636	0.63	0.608	0.615	0.634	0.625	0.629	0.648	0.654	0.66	0.683	0.702	0.716	0.758	0.789
0.711	0.711	0.677	0.643	0.632	0.609	0.614	0.632	0.626	0.633	0.656	0.667	0.676	0.698	0.716	0.727	0.762	0.786
0.715	0.715	0.684	0.653	0.64	0.62	0.624	0.638	0.634	0.641	0.661	0.671	0.679	0.697	0.717	0.73	0.764	0.794
0.708	0.708	0.684	0.66	0.65	0.634	0.637	0.647	0.646	0.653	0.671	0.682	0.691	0.705	0.726	0.739	0.771	0.798
0.736	0.736	0.701	0.666	0.654	0.645	0.652	0.662	0.663	0.668	0.68	0.69	0.697	0.711	0.736	0.75	0.779	0.805
0.728	0.728	0.706	0.684	0.673	0.664	0.668	0.674	0.676	0.682	0.693	0.704	0.712	0.724	0.748	0.762	0.788	0.811
0.722	0.722	0.709	0.696	0.688	0.681	0.683	0.686	0.691	0.697	0.707	0.718	0.725	0.734	0.757	0.77	0.795	0.817
0.736	0.736	0.72	0.705	0.697	0.692	0.697	0.7	0.707	0.712	0.719	0.729	0.736	0.745	0.769	0.78	0.802	0.823
0.732	0.732	0.726	0.72	0.715	0.712	0.713	0.713	0.719	0.724	0.731	0.743	0.751	0.758	0.779	0.789	0.81	0.83
0.744	0.744	0.738	0.733	0.729	0.726	0.728	0.727	0.734	0.738	0.743	0.754	0.762	0.769	0.79	0.799	0.818	0.837
0.762	0.762	0.753	0.743	0.738	0.738	0.741	0.74	0.748	0.752	0.755	0.765	0.772	0.778	0.799	0.808	0.826	0.844
0.837	0.837	0.82	0.803	0.801	0.802	0.804	0.802	0.809	0.811	0.813	0.821	0.828	0.829	0.844	0.848	0.863	0.873
0.962	0.962	0.866	0.855	0.854	0.852	0.853	0.852	0.858	0.858	0.862	0.865	0.87	0.869	0.878	0.88	0.893	0.9
0.968	0.968	0.923	0.917	0.916	0.912	0.913	0.912	0.918	0.918	0.918	0.921	0.923	0.923	0.927	0.93	0.933	0.939
0.979	0.979	0.956	0.951	0.952	0.948	0.949	0.946	0.95	0.951	0.95	0.953	0.955	0.954	0.958	0.958	0.959	0.963
0.987	0.987	0.977	0.973	0.973	0.971	0.972	0.971	0.972	0.973	0.973	0.974	0.975	0.974	0.977	0.976	0.978	0.978
0.993	0.993	0.987	0.984	0.985	0.985	0.987	0.985	0.987	0.988	0.989	0.989	0.988	0.988	0.989	0.988	0.988	0.988
0.994	0.994	0.995	0.994	0.994	0.995	0.996	0.993	0.996	0.996	0.996	0.996	0.996	0.996	0.996	0.995	0.995	0.996
0.998	0.998	0.999	0.999	0.998	0.999	1	0.998	1	1	1	1	1	1	0.999	0.999	0.999	0.999
1	1	1	1	1	1	1	1	1	1	1	1	1	1	1	1	1	1
1	1	0.999	0.999	0.999	0.999	0.998	0.998	0.998	0.998	0.999	0.999	0.999	0.999	1	0.999	1	0.999
0.998	0.998	0.996	0.994	0.995	0.995	0.995	0.993	0.995	0.994	0.995	0.995	0.995	0.995	0.995	0.994	0.995	0.995
0.998	0.998	0.99	0.985	0.984	0.985	0.986	0.984	0.987	0.987	0.987	0.987	0.988	0.989	0.988	0.987	0.989	0.989
0.994	0.994	0.976	0.973	0.971	0.972	0.972	0.97	0.972	0.973	0.974	0.974	0.974	0.975	0.976	0.977	0.977	0.979
0.991	0.991	0.958	0.95	0.947	0.948	0.947	0.947	0.949	0.95	0.952	0.953	0.954	0.953	0.956	0.958	0.959	0.962
0.973	0.973	0.923	0.914	0.914	0.914	0.914	0.912	0.915	0.916	0.917	0.919	0.921	0.92	0.925	0.927	0.931	0.935
0.966	0.966	0.873	0.851	0.85	0.847	0.85	0.848	0.853	0.856	0.857	0.863	0.867	0.87	0.876	0.878	0.889	0.895
0.828	0.828	0.814	0.801	0.798	0.796	0.798	0.801	0.802	0.806	0.809	0.818	0.822	0.829	0.838	0.843	0.86	0.87
0.789	0.789	0.756	0.723	0.72	0.725	0.725	0.729	0.73	0.734	0.743	0.754	0.761	0.771	0.784	0.795	0.819	0.831
0.73	0.73	0.715	0.7	0.699	0.706	0.706	0.71	0.712	0.716	0.725	0.735	0.744	0.755	0.768	0.782	0.809	0.822
0.722	0.722	0.699	0.676	0.679	0.686	0.686	0.689	0.692	0.696	0.705	0.716	0.725	0.738	0.752	0.768	0.798	0.811
0.627	0.627	0.635	0.642	0.649	0.664	0.663	0.666	0.671	0.675	0.684	0.695	0.705	0.719	0.735	0.752	0.785	0.799
0.574	0.574	0.596	0.618	0.64	0.643	0.641	0.643	0.65	0.653	0.662	0.672	0.684	0.698	0.715	0.733	0.769	0.784
0.627	0.627	0.623	0.619	0.615	0.611	0.615	0.616	0.625	0.627	0.636	0.646	0.659	0.674	0.692	0.713	0.752	0.769
0.71	0.71	0.674	0.638	0.602	0.566	0.568	0.585	0.597	0.598	0.608	0.618	0.632	0.645	0.666	0.688	0.731	0.75
0.687	0.687	0.658	0.63	0.601	0.572	0.536	0.5	0.565	0.564	0.575	0.584	0.6	0.61	0.634	0.659	0.706	0.729
0.45	0.45	0.459	0.467	0.476	0.485	0.496	0.507	0.518	0.529	0.521	0.533	0.553	0.56	0.591	0.62	0.672	0.702
0.329	0.329	0.34	0.35	0.361	0.371	0.384	0.397	0.41	0.423	0.449	0.475	0.501	0.527	0.548	0.572	0.621	0.659
0.417	0.417	0.421	0.426	0.43	0.434	0.44	0.445	0.451	0.456	0.467	0.478	0.489	0.501	0.523	0.545	0.589	0.633
