# From RTP, flipped the table to be compatible with definition of 180 being the cable side
radius_cm:
0.5	0.7	1.0	2.0	3.5	5.0	7.0	10.0 13.0 15.0
theta_deg:
0
1.5
15.5
25.5
35.5
45.5
60.5
75.5
90
105.5
120.5
135.5
145.5
155.5
165.5
178.5
180
table: 
0.559	0.532	0.526	0.512	0.557	0.603	0.652	0.716	0.724	0.714
0.574	0.545	0.538	0.549	0.603	0.642	0.685	0.727	0.755	0.756
0.859	0.844	0.843	0.843	0.848	0.859	0.872	0.884	0.892	0.894
0.932	0.919	0.919	0.916	0.919	0.923	0.931	0.936	0.938	0.938
0.964	0.955	0.955	0.952	0.955	0.957	0.959	0.962	0.963	0.964
0.981	0.976	0.976	0.975	0.976	0.978	0.978	0.979	0.978	0.978
0.992	0.99	0.991	0.989	0.991	0.991	0.99	0.99	0.991	0.991
0.999	0.996	0.997	0.999	0.995	0.998	0.999	0.999	0.999	1
1	1	1	1	0.999	1	1	1	1	1
0.999	0.996	0.995	0.997	0.997	0.997	0.998	0.998	0.997	0.998
0.991	0.991	0.991	0.991	0.991	0.991	0.992	0.992	0.991	0.992
0.978	0.975	0.976	0.977	0.976	0.977	0.977	0.977	0.979	0.978
0.963	0.957	0.955	0.957	0.958	0.959	0.96	0.964	0.962	0.965
0.936	0.926	0.926	0.922	0.921	0.927	0.932	0.938	0.939	0.94
0.871	0.854	0.854	0.852	0.86	0.868	0.88	0.895	0.898	0.897
0.498	0.468	0.46	0.413	0.485	0.544	0.596	0.661	0.696	0.711
0.434	0.405	0.392	0.277	0.367	0.443	0.512	0.588	0.642	0.673