# From Ballester et al, Medical Physics, Vol. 28, No. 12, December 2001
# I use -1 in the Frtheta table to indicate no value listed.
radius_cm:
0.2 0.4 0.6 0.8 1 1.25 1.5 1.75 2 2.5 3 3.5 4 5 6 8 10 12 15
theta_deg:
0
1
2
3
4
5
6
7
8
9
10
15
20
30
40
50
60
70
80
90
100
110
120
130
140
150
160
165
170
171
172
173
174
175
176
177
178
179
180
table: 
-1 0.666 0.636 0.630 0.608 0.615 0.634 0.625 0.629 0.648 0.654 0.660 0.683 0.702 0.716 0.758 0.789 0.803 0.815
-1 0.677 0.643 0.632 0.609 0.614 0.632 0.626 0.633 0.656 0.667 0.676 0.698 0.716 0.727 0.762 0.786 0.794 0.805
-1 0.684 0.653 0.640 0.620 0.624 0.638 0.634 0.641 0.661 0.671 0.679 0.697 0.717 0.730 0.764 0.794 0.807 0.821
-1 0.684 0.660 0.650 0.634 0.637 0.647 0.646 0.653 0.671 0.682 0.691 0.705 0.726 0.739 0.771 0.798 0.810 0.830
-1 0.701 0.666 0.654 0.645 0.652 0.662 0.663 0.668 0.680 0.690 0.697 0.711 0.736 0.750 0.779 0.805 0.814 0.834
-1 0.706 0.684 0.673 0.664 0.668 0.674 0.676 0.682 0.693 0.704 0.712 0.724 0.748 0.762 0.788 0.811 0.820 0.842
-1 0.709 0.696 0.688 0.681 0.683 0.686 0.691 0.697 0.707 0.718 0.725 0.734 0.757 0.770 0.795 0.817 0.825 0.847
-1 0.720 0.705 0.697 0.692 0.697 0.700 0.707 0.712 0.719 0.729 0.736 0.745 0.769 0.780 0.802 0.823 0.831 0.853
-1 0.726 0.720 0.715 0.712 0.713 0.713 0.719 0.724 0.731 0.743 0.751 0.758 0.779 0.789 0.810 0.830 0.838 0.860
-1 0.738 0.733 0.729 0.726 0.728 0.727 0.734 0.738 0.743 0.754 0.762 0.768 0.790 0.799 0.818 0.837 0.844 0.866
-1 0.753 0.743 0.738 0.738 0.741 0.740 0.748 0.752 0.755 0.765 0.772 0.778 0.799 0.808 0.826 0.844 0.851 0.870
-1 0.820 0.803 0.801 0.802 0.804 0.802 0.809 0.811 0.813 0.821 0.828 0.829 0.844 0.848 0.863 0.873 0.880 0.895
0.962 0.866 0.855 0.854 0.852 0.853 0.852 0.858 0.858 0.862 0.865 0.870 0.869 0.878 0.880 0.893 0.900 0.905 0.914
0.968 0.923 0.917 0.916 0.912 0.913 0.912 0.918 0.918 0.918 0.921 0.923 0.923 0.927 0.930 0.933 0.939 0.941 0.945
0.979 0.956 0.951 0.952 0.948 0.949 0.946 0.950 0.951 0.950 0.953 0.955 0.954 0.958 0.958 0.959 0.963 0.963 0.963
0.987 0.977 0.973 0.973 0.971 0.972 0.971 0.972 0.973 0.973 0.974 0.975 0.974 0.977 0.976 0.978 0.978 0.978 0.979
0.993 0.987 0.984 0.985 0.985 0.987 0.985 0.987 0.988 0.989 0.989 0.988 0.988 0.989 0.988 0.988 0.988 0.988 0.988
0.994 0.995 0.994 0.994 0.995 0.996 0.993 0.996 0.996 0.996 0.996 0.996 0.996 0.996 0.995 0.995 0.996 0.996 0.996
0.998 0.999 0.999 0.998 0.999 1.000 0.998 1.000 1.000 1.000 1.000 1.000 1.000 0.999 0.999 0.999 0.999 0.999 0.999
1.000 1.000 1.000 1.000 1.000 1.000 1.000 1.000 1.000 1.000 1.000 1.000 1.000 1.000 1.000 1.000 1.000 1.000 1.000
1.000 0.999 0.999 0.999 0.999 0.998 0.998 0.998 0.998 0.999 0.999 0.999 0.999 1.000 0.999 1.000 0.999 0.999 0.999
0.998 0.996 0.994 0.995 0.995 0.995 0.993 0.995 0.994 0.995 0.995 0.995 0.995 0.995 0.994 0.995 0.995 0.995 0.995
0.998 0.990 0.985 0.984 0.985 0.986 0.984 0.987 0.987 0.987 0.987 0.988 0.989 0.988 0.987 0.989 0.989 0.990 0.989
0.994 0.976 0.973 0.971 0.972 0.972 0.970 0.972 0.973 0.974 0.974 0.974 0.975 0.976 0.977 0.977 0.979 0.979 0.979
0.991 0.958 0.950 0.947 0.948 0.947 0.947 0.949 0.950 0.952 0.953 0.954 0.953 0.956 0.958 0.959 0.962 0.963 0.964
0.973 0.923 0.914 0.914 0.914 0.914 0.912 0.915 0.916 0.917 0.919 0.921 0.920 0.925 0.927 0.931 0.935 0.939 0.943
0.966 0.873 0.851 0.850 0.847 0.850 0.848 0.853 0.856 0.857 0.863 0.867 0.870 0.876 0.878 0.889 0.895 0.904 0.911
-1 0.814 0.801 0.798 0.796 0.798 0.801 0.802 0.806 0.809 0.818 0.822 0.829 0.838 0.843 0.860 0.870 0.879 0.889
-1 0.756 0.723 0.720 0.725 0.725 0.729 0.730 0.734 0.743 0.754 0.761 0.771 0.784 0.795 0.819 0.831 0.843 0.859
-1 0.715 0.700 0.699 0.706 0.706 0.710 0.712 0.716 0.725 0.735 0.744 0.755 0.768 0.782 0.809 0.822 0.834 0.852
-1 0.699 0.676 0.679 0.686 0.686 0.689 0.692 0.696 0.705 0.716 0.725 0.738 0.752 0.768 0.798 0.811 0.825 0.845
-1 -1 0.642 0.649 0.664 0.663 0.666 0.671 0.675 0.684 0.695 0.705 0.719 0.735 0.752 0.785 0.799 0.814 0.838
-1 -1 0.618 0.640 0.643 0.641 0.643 0.650 0.653 0.662 0.672 0.684 0.698 0.715 0.733 0.769 0.784 0.802 0.829
-1 -1 -1 0.615 0.611 0.615 0.616 0.625 0.627 0.636 0.646 0.659 0.674 0.692 0.713 0.752 0.769 0.789 0.820
-1 -1 -1 0.602 0.566 0.568 0.585 0.597 0.598 0.608 0.618 0.632 0.645 0.666 0.688 0.731 0.750 0.773 0.809
-1 -1 -1 -1 -1 0.536 0.500 0.565 0.564 0.575 0.584 0.600 0.610 0.634 0.659 0.706 0.729 0.755 0.796
-1 -1 -1 -1 -1 -1 -1 0.518 0.529 0.521 0.533 0.553 0.560 0.591 0.620 0.672 0.702 0.732 0.780
-1 -1 -1 -1 -1 -1 -1 -1 -1 -1 -1 0.501 0.527 0.548 0.572 0.621 0.659 0.696 0.755
-1 -1 -1 -1 -1 -1 -1 -1 -1 -1 -1 -1 -1 -1 -1 0.589 0.633 0.675 0.741