# From Daskalov et al 1998 MedPhys
# I use -1 in the Frtheta table to indicate no value listed.
radius_cm:
0.25 0.5 1 2 3 5
theta_deg:
0  
1  
2  
3  
4  
5  
6  
7  
8  
10 
12 
14 
16 
20 
24 
30 
36 
42 
48 
58 
73 
88 
90 
103
118
128
133
138
143
148
153
158
165
169
170
172
173
174
175
176
177
178
179
180
table:
0.729 0.667 0.631 0.645 0.660 0.696
0.730 0.662 0.631 0.645 0.661 0.701
0.729 0.662 0.632 0.652 0.670 0.709
0.730 0.663 0.640 0.662 0.679 0.718
0.731 0.664 0.650 0.673 0.690 0.726
0.733 0.671 0.661 0.684 0.700 0.735
0.735 0.680 0.674 0.696 0.711 0.743
0.734 0.691 0.687 0.708 0.723 0.753
0.739 0.702 0.700 0.720 0.734 0.763
0.756 0.727 0.727 0.745 0.758 0.782
0.777 0.751 0.753 0.769 0.781 0.804
0.802 0.775 0.778 0.791 0.802 0.822
0.820 0.797 0.800 0.812 0.822 0.840
0.856 0.836 0.839 0.846 0.854 0.872
0.885 0.868 0.869 0.874 0.877 0.888
0.920 0.904 0.902 0.907 0.906 0.911
0.938 0.930 0.929 0.931 0.934 0.933
0.957 0.949 0.949 0.955 0.956 0.954
0.967 0.963 0.965 0.965 0.969 0.965
0.982 0.982 0.982 0.982 0.983 0.978
0.994 0.997 0.997 0.998 0.996 0.985
0.997 1.001 1.000 1.000 1.000 1.001
1.000 1.000 1.000 1.000 1.000 1.000
 0.995 0.995 1.001 0.999 1.000 0.995
 0.987 0.987 0.987 0.989 0.989 0.983
 0.974 0.972 0.976 0.976 0.980 0.979
 0.969 0.961 0.966 0.965 0.973 0.973
 0.957 0.949 0.952 0.952 0.959 0.960
 0.942 0.933 0.935 0.935 0.944 0.941
 0.924 0.912 0.914 0.915 0.924 0.926
 0.899 0.886 0.887 0.889 0.899 0.905
 0.873 0.850 0.850 0.856 0.863 0.870
 0.806 0.779 0.778 0.791 0.801 0.816
 -1  0.725 0.723 0.741 0.754 0.785
 -1  0.710 0.707 0.727 0.742 0.774
 -1  0.678 0.675 0.697 0.714 0.748
 -1  0.662 0.657 0.682 0.700 0.733
 -1  0.642 0.640 0.667 0.686 0.720
 -1  0.623 0.624 0.652 0.672 0.707
 -1  0.605 0.608 0.637 0.658 0.695
 -1  0.606 0.594 0.624 0.645 0.686
 -1  0.608 0.586 0.612 0.634 0.675
 -1  0.609 0.585 0.604 0.624 0.665
 -1  0.609 0.585 0.603 0.622 0.662