# From Solberg et al, Journal of Applied Clinical Medical Physics, Vol. 3, No. 2, Spring 2002
# MC calculated IsoAid I-125 Advantage F(r,theta) (Table VIA)
radius_cm:
0.5 1.0 2.0 3.0 5.0 7.0
theta_deg:
0
5
10
15
20
25
30
35
40
45
50
55
60
65
70
75
80
85
90
table: 
0.352 0.406 0.493 0.520 0.578 0.612
0.411 0.465 0.545 0.584 0.658 0.701
0.481 0.527 0.601 0.642 0.704 0.726
0.594 0.627 0.683 0.700 0.743 0.760
0.699 0.719 0.757 0.775 0.794 0.799
0.784 0.792 0.812 0.825 0.852 0.849
0.848 0.846 0.862 0.862 0.869 0.879
0.907 0.891 0.897 0.900 0.898 0.888
0.948 0.936 0.932 0.916 0.937 0.969
0.978 0.963 0.955 0.942 0.952 0.943
1.002 0.986 0.974 0.961 0.963 0.971
1.017 1.012 0.997 0.980 0.979 0.954
1.029 1.024 1.008 0.993 0.990 1.001
1.033 1.030 1.024 1.009 0.994 0.998
1.029 1.039 1.027 1.006 1.016 1.010
0.997 1.043 1.031 1.018 1.021 0.999
0.999 1.025 1.024 1.023 1.009 1.025
0.999 0.999 1.009 1.006 0.994 1.007
1.000 1.000 1.000 1.000 1.000 1.000