# From HEBD Med Phys 39 (2012) 2904-2929
# I use -1 in the Frtheta table to indicate no value listed.
radius_cm:
0 0.25 0.5 1 2 3 4 5 7.5 10
theta_deg:
0
1
2
3
5
7
10
12
15
20
25
30
35
40
45
50
55
60
65
70
75
80
85
90
95
100
105
110
115
120
125
130
135
140
145
150
155
160
165
168
170
173
175
177
178
179
180
table: 
0.598	0.598	0.573	0.524	0.536	0.568	0.599	0.627	0.688	0.734
0.508	0.508	0.514	0.527	0.551	0.580	0.612	0.638	0.698	0.743
0.526	0.526	0.533	0.546	0.573	0.606	0.635	0.661	0.715	0.757
0.556	0.556	0.563	0.576	0.601	0.631	0.658	0.684	0.733	0.771
0.626	0.626	0.631	0.642	0.663	0.690	0.712	0.732	0.772	0.804
0.691	0.691	0.695	0.703	0.718	0.739	0.756	0.771	0.804	0.829
0.770	0.770	0.772	0.775	0.781	0.797	0.811	0.821	0.844	0.864
0.801	0.801	0.803	0.806	0.812	0.825	0.835	0.843	0.863	0.878
0.842	0.842	0.843	0.845	0.848	0.858	0.865	0.871	0.886	0.898
0.889	0.889	0.889	0.890	0.892	0.898	0.902	0.904	0.915	0.924
0.929	0.929	0.926	0.920	0.918	0.922	0.925	0.926	0.934	0.938
0.945	0.945	0.943	0.940	0.938	0.942	0.944	0.946	0.949	0.953
0.959	0.959	0.958	0.957	0.952	0.955	0.956	0.959	0.961	0.965
0.969	0.969	0.968	0.966	0.963	0.967	0.968	0.969	0.970	0.971
0.976	0.976	0.975	0.974	0.973	0.975	0.975	0.976	0.977	0.978
0.993	0.993	0.983	0.982	0.979	0.981	0.981	0.980	0.983	0.984
0.996	0.996	0.987	0.986	0.986	0.987	0.985	0.985	0.985	0.986
0.997	0.997	0.991	0.991	0.988	0.992	0.991	0.990	0.991	0.991
0.997	0.997	0.994	0.997	0.993	0.994	0.994	0.996	0.995	0.995
0.998	0.998	0.997	0.997	0.995	0.995	0.996	0.997	0.996	0.996
0.998	0.998	0.998	1.000	0.997	0.998	0.998	0.998	0.997	0.999
0.999	0.999	0.998	1.002	0.998	0.998	0.997	0.997	0.999	0.998
0.999	0.999	1.000	1.001	0.998	0.999	0.999	1.000	0.999	1.000
1.000	1.000	1.000	1.000	1.000	1.000	1.000	1.000	1.000	1.000
0.999	0.999	1.001	1.000	0.998	0.999	0.998	1.000	0.999	0.999
0.999	0.999	0.998	1.005	0.997	0.999	0.999	0.998	0.999	1.000
0.999	0.999	0.998	1.000	0.997	1.000	0.998	0.998	0.996	0.997
0.999	0.999	0.997	0.999	0.995	0.995	0.995	0.995	0.997	0.997
0.998	0.998	0.994	0.995	0.992	0.994	0.995	0.994	0.994	0.993
0.997	0.997	0.991	0.996	0.990	0.990	0.990	0.990	0.991	0.993
0.995	0.995	0.987	0.988	0.984	0.987	0.985	0.985	0.984	0.988
0.993	0.993	0.981	0.979	0.978	0.981	0.981	0.980	0.981	0.983
0.976	0.976	0.976	0.977	0.974	0.975	0.976	0.975	0.976	0.977
0.971	0.971	0.969	0.967	0.964	0.967	0.968	0.969	0.970	0.971
0.960	0.960	0.958	0.955	0.953	0.956	0.958	0.958	0.961	0.963
0.947	0.947	0.945	0.941	0.940	0.944	0.944	0.945	0.951	0.954
0.931	0.931	0.927	0.918	0.919	0.923	0.927	0.931	0.935	0.942
0.892	0.892	0.892	0.892	0.891	0.896	0.899	0.904	0.914	0.921
0.845	0.845	0.845	0.846	0.848	0.858	0.865	0.872	0.886	0.899
0.799	0.799	0.801	0.804	0.812	0.825	0.834	0.845	0.863	0.878
0.755	0.755	0.758	0.765	0.779	0.794	0.806	0.820	0.843	0.861
0.676	0.676	0.681	0.691	0.712	0.732	0.750	0.767	0.799	0.826
0.608	0.608	0.613	0.625	0.648	0.671	0.695	0.717	0.760	0.793
0.511	0.511	0.518	0.533	0.561	0.590	0.619	0.648	0.704	0.749
0.514	0.514	0.519	0.529	0.550	0.570	0.591	0.611	0.662	0.714
0.402	0.402	0.409	0.422	0.449	0.475	0.501	0.528	0.594	0.660
0.291	0.291	0.299	0.315	0.348	0.380	0.412	0.444	0.525	0.606