#20 mm plaque. Table 1 from  Chiu-Tsao et al Medical Physics, Vol. 39, No. 10, October 2012
Seed_num x_c y_c z_c x_p y_p z_p angle_deg
1 -8.08 -2.94 0.64 -8.85 -0.83 0.64 -7.31 -5.06 0.64 200
2 -4.30 -7.45 0.64 -6.25 -6.32 0.64 -2.35 -8.57 0.64 240
3 1.49 -8.47 0.64 -0.72 -8.86 0.64 3.71 -8.08 0.64 280
4 6.59 -5.53 0.64 5.14 -7.25 0.64 8.03 -3.80 0.64 320
5 8.60 0.00 0.64 8.60 -2.25 0.64 8.60 2.25 0.64 0
6 6.59 5.53 0.64 8.03 3.80 0.64 5.14 7.25 0.64 40
7 1.49 8.47 0.64 3.71 8.08 0.64 -0.72 8.86 0.64 80
8 -4.30 7.45 0.64 -2.35 8.57 0.64 -6.25 6.32 0.64 120
9 -8.08 2.94 0.64 -7.31 5.06 0.64 -8.85 0.83 0.64 160
10 -6.53 -1.49 -0.65 -7.03 0.70 -0.65 -6.03 -3.68 -0.65 193
11 -2.91 -6.04 -0.65 -4.93 -5.06 -0.65 -0.88 -7.01 -0.65 244
12 2.91 -6.04 -0.65 0.88 -7.01 -0.65 4.93 -5.06 -0.65 296
13 6.53 -1.49 -0.65 6.03 -3.68 -0.65 7.03 0.70 -0.65 347
14 5.24 4.18 -0.65 6.64 2.42 -0.65 3.84 5.94 -0.65 39
15 0.00 6.70 -0.65 2.25 6.70 -0.65 -2.25 6.70 -0.65 90
16 -5.24 4.18 -0.65 -3.84 5.94 -0.65 -6.64 2.42 -0.65 141
17 -3.80 -2.76 -1.57 -5.12 -0.94 -1.57 -2.48 -4.58 -1.57 216
18 1.45 -4.47 -1.57 -0.69 -5.17 -1.57 3.59 -3.77 -1.57 288
19 4.70 0.00 -1.57 4.70 -2.25 -1.57 4.70 2.25 -1.57 0
20 1.45 4.47 -1.57 3.59 3.77 -1.57 -0.69 5.17 -1.57 72
21 -3.80 2.76 -1.57 -2.48 4.58 -1.57 -5.12 0.94 -1.57 144
22 0.00 -2.25 -2.21 -2.25 -2.25 -2.21 2.25 -2.25 -2.21 270
23 0.00 2.25 -2.21 2.25 2.25 -2.21 -2.25 2.25 -2.21 90
24 0.00 0.00 -2.40 2.25 0.00 -2.40 -2.25 0.00 -2.40 90